1	7.19	7.6	0.24	100	0.30541	0.924	0.33053	3	0	0	444.4213	0	0
1	7.19	7.6	0.51	100	0.30541	0.924	0.33053	3	0	0	209.13943	0	0
1	7.19	7.6	0.6	100	0.30541	0.924	0.33053	3	0	0	177.76852	0	0
1	7.19	7.6	0.74	98.9	0.30541	0.924	0.33053	3	1.1	1.1	144.13664	0.2134	0.28838
1	7.19	7.6	0.84	97.2	0.30541	0.924	0.33053	3	2.8	1.7	126.97751	0.5432	0.64667
1	7.19	7.6	0.94	95.6	0.30541	0.924	0.33053	3	4.4	1.6	113.46927	0.8536	0.90809
1	7.19	7.6	1.05	93.8	0.30541	0.924	0.33053	3	6.2	1.8	101.58201	1.2028	1.14552
1	7.19	7.6	1.17	92	0.30541	0.924	0.33053	3	8	1.8	91.16334	1.552	1.3265
1	7.19	7.6	1.3	90	0.30541	0.924	0.33053	3	10	2	82.04701	1.94	1.49231
1	7.19	7.6	1.46	87.8	0.30541	0.924	0.33053	3	12.2	2.2	73.05556	2.3668	1.6211
1	7.19	7.6	1.64	85.5	0.30541	0.924	0.33053	3	14.5	2.3	65.03726	2.813	1.71524
1	7.19	7.6	1.84	82.8	0.30541	0.924	0.33053	3	17.2	2.7	57.968	3.3368	1.81348
1	7.19	7.6	2.05	79.6	0.30541	0.924	0.33053	3	20.4	3.2	52.02981	3.9576	1.93054
1	7.19	7.6	2.3	76.6	0.30541	0.924	0.33053	3	23.4	3	46.3744	4.5396	1.97374
1	7.19	7.6	2.58	73.8	0.30541	0.924	0.33053	3	26.2	2.8	41.34152	5.0828	1.97008
1	7.19	7.6	2.89	71.2	0.30541	0.924	0.33053	3	28.8	2.6	36.90696	5.5872	1.93329
1	7.19	7.6	3.25	68.4	0.30541	0.924	0.33053	3	31.6	2.8	32.8188	6.1304	1.88628
1	7.19	7.6	3.66	65.6	0.30541	0.924	0.33053	3	34.4	2.8	29.14238	6.6736	1.82339
1	7.19	7.6	4.1	62.7	0.30541	0.924	0.33053	3	37.3	2.9	26.01491	7.2362	1.76493
1	7.19	7.6	4.61	58.9	0.30541	0.924	0.33053	3	41.1	3.8	23.1369	7.9734	1.72959
1	7.19	7.6	5.19	55.1	0.30541	0.924	0.33053	3	44.9	3.8	20.55127	8.7106	1.67834
1	7.19	7.6	5.83	52	0.30541	0.924	0.33053	3	48	3.1	18.29522	9.312	1.59726
1	7.19	7.6	6.55	49.9	0.30541	0.924	0.33053	3	50.1	2.1	16.28414	9.7194	1.48388
1	7.19	7.6	7.37	48.1	0.30541	0.924	0.33053	3	51.9	1.8	14.47234	10.0686	1.36616
1	7.19	7.6	8.27	46.2	0.30541	0.924	0.33053	3	53.8	1.9	12.89735	10.4372	1.26206
1	7.19	7.6	9.3	44	0.30541	0.924	0.33053	3	56	2.2	11.46894	10.864	1.16817
1	7.19	7.6	10.45	41.5	0.30541	0.924	0.33053	3	58.5	2.5	10.2068	11.349	1.08603
1	7.19	7.6	11.74	38.9	0.30541	0.924	0.33053	3	61.1	2.6	9.08527	11.8534	1.00966
1	7.19	7.6	13.2	36.9	0.30541	0.924	0.33053	3	63.1	2	8.08039	12.2414	0.92738
1	7.19	7.6	14.84	35.1	0.30541	0.924	0.33053	3	64.9	1.8	7.18741	12.5906	0.84842
1	7.19	7.6	16.66	33.8	0.30541	0.924	0.33053	3	66.2	1.3	6.40223	12.8428	0.77088
1	7.19	7.6	18.73	32.5	0.30541	0.924	0.33053	3	67.5	1.3	5.69467	13.095	0.69915
1	7.19	7.6	21.11	31.6	0.30541	0.924	0.33053	3	68.4	0.9	5.05263	13.2696	0.62859
1	7.19	7.6	23.1	29.1	0.30541	0.924	0.33053	3	70.9	2.5	4.61736	13.7546	0.59544
1	7.19	7.6	26.93	27.8	0.30541	0.924	0.33053	3	72.2	1.3	3.96068	14.0068	0.52012
1	7.19	7.6	30.66	26.6	0.30541	0.924	0.33053	3	73.4	1.2	3.47884	14.2396	0.46444
1	7.19	7.6	34.36	25.4	0.30541	0.924	0.33053	3	74.6	1.2	3.10422	14.4724	0.4212
1	7.19	7.6	39.46	24.3	0.30541	0.924	0.33053	3	75.7	1.1	2.70302	14.6858	0.37217
1	7.19	7.6	44.9	23.3	0.30541	0.924	0.33053	3	76.7	1	2.37553	14.8798	0.3314
1	7.19	7.6	50.16	22.4	0.30541	0.924	0.33053	3	77.6	0.9	2.12642	15.0544	0.30013
1	7.19	7.6	56.77	21.5	0.30541	0.924	0.33053	3	78.5	0.9	1.87883	15.229	0.26826
1	7.19	7.6	64.4	20.8	0.30541	0.924	0.33053	3	79.2	0.7	1.65623	15.3648	0.23858
1	7.19	7.6	73.57	20.1	0.30541	0.924	0.33053	3	79.9	0.7	1.44979	15.5006	0.21069
1	7.19	7.6	82.91	19.2	0.30541	0.924	0.33053	3	80.8	0.9	1.28647	15.6752	0.18906
1	7.19	7.6	93.69	18.3	0.30541	0.924	0.33053	3	81.7	0.9	1.13845	15.8498	0.16917
1	7.19	7.6	105.29	17.3	0.30541	0.924	0.33053	3	82.7	1	1.01302	16.0438	0.15238
1	7.19	7.6	126.03	16.2	0.30541	0.924	0.33053	3	83.8	1.1	0.84632	16.2572	0.12899
1	7.19	7.6	142.03	15	0.30541	0.924	0.33053	3	85	1.2	0.75098	16.49	0.1161
1	7.19	7.6	160.65	13.6	0.30541	0.924	0.33053	3	86.4	1.4	0.66393	16.7616	0.10434
1	7.19	7.6	180.48	12.5	0.30541	0.924	0.33053	3	87.5	1.1	0.59099	16.975	0.09405
1	7.19	7.6	203.37	11.5	0.30541	0.924	0.33053	3	88.5	1	0.52447	17.169	0.08442
1	7.19	7.6	229.1	10.5	0.30541	0.924	0.33053	3	89.5	1	0.46557	17.363	0.07579
1	7.19	7.6	257.92	9.5	0.30541	0.924	0.33053	3	90.5	1	0.41354	17.557	0.06807
1	7.19	7.6	290.52	8.6	0.30541	0.924	0.33053	3	91.4	0.9	0.36714	17.7316	0.06103
1	7.19	7.6	327.31	7.7	0.30541	0.924	0.33053	3	92.3	0.9	0.32587	17.9062	0.05471
1	7.19	7.6	367.28	6.7	0.30541	0.924	0.33053	3	93.3	1	0.29041	18.1002	0.04928
1	7.19	7.6	413.74	5.8	0.30541	0.924	0.33053	3	94.2	0.9	0.2578	18.2748	0.04417
1	7.19	7.6	464.9	4.8	0.30541	0.924	0.33053	3	95.2	1	0.22943	18.4688	0.03973
1	7.19	7.6	523.88	3.8	0.30541	0.924	0.33053	3	96.2	1	0.2036	18.6628	0.03562
1	7.19	7.6	589.36	3	0.30541	0.924	0.33053	3	97	0.8	0.18098	18.818	0.03193
1	7.19	7.6	662.65	2.4	0.30541	0.924	0.33053	3	97.6	0.6	0.16096	18.9344	0.02857
1	7.19	7.6	744.5	1.9	0.30541	0.924	0.33053	3	98.1	0.5	0.14327	19.0314	0.02556
1	7.19	7.6	838.09	1.4	0.30541	0.924	0.33053	3	98.6	0.5	0.12727	19.1284	0.02282
1	7.19	7.6	942.25	1	0.30541	0.924	0.33053	3	99	0.4	0.1132	19.206	0.02038
1	7.19	7.6	1059.29	0.6	0.30541	0.924	0.33053	3	99.4	0.4	0.10069	19.2836	0.0182
1	7.19	7.6	1190.91	0.4	0.30541	0.924	0.33053	3	99.6	0.2	0.08956	19.3224	0.01622
1	7.19	7.6	1338.68	0.2	0.30541	0.924	0.33053	3	99.8	0.2	0.07968	19.3612	0.01446
1	7.19	7.6	1504.79	0.1	0.30541	0.924	0.33053	3	99.9	0.1	0.07088	19.3806	0.01288
1	7.19	7.6	1691.64	0	0.30541	0.924	0.33053	3	100	0.1	0.06305	19.4	0.01147
1	7.19	7.6	1902	0	0.30541	0.924	0.33053	3	100	0	0.05608	19.4	0.0102
1	7.19	7.6	2137.11	0	0.30541	0.924	0.33053	3	100	0	0.04991	19.4	0.00908
1	7.19	7.6	2403.98	0	0.30541	0.924	0.33053	3	100	0	0.04437	19.4	0.00807
1	7.19	7.6	2701.83	0	0.30541	0.924	0.33053	3	100	0	0.03948	19.4	0.00718
1	7.19	7.6	3035.63	0	0.30541	0.924	0.33053	3	100	0	0.03514	19.4	0.00639
1	7.19	7.6	3413.09	0	0.30541	0.924	0.33053	3	100	0	0.03125	19.4	0.00568
1	7.19	7.6	3837.49	0	0.30541	0.924	0.33053	3	100	0	0.02779	19.4	0.00506
1	7.19	7.6	4309.77	0	0.30541	0.924	0.33053	3	100	0	0.02475	19.4	0.0045
1	7.19	7.6	4841.05	0	0.30541	0.924	0.33053	3	100	0	0.02203	19.4	0.00401
1	7.19	7.6	5441.96	0	0.30541	0.924	0.33053	3	100	0	0.0196	19.4	0.00356
1	7.19	7.6	6119.66	0	0.30541	0.924	0.33053	3	100	0	0.01743	19.4	0.00317
1	7.19	7.6	6877.54	0	0.30541	0.924	0.33053	3	100	0	0.01551	19.4	0.00282
1	7.19	7.6	7730.42	0	0.30541	0.924	0.33053	3	100	0	0.0138	19.4	0.00251
1	7.19	7.6	8690.47	0	0.30541	0.924	0.33053	3	100	0	0.01227	19.4	0.00223
1	7.19	7.6	9771.88	0	0.30541	0.924	0.33053	3	100	0	0.01092	19.4	0.00199
1	7.19	7.6	10987.68	0	0.30541	0.924	0.33053	3	100	0	0.00971	19.4	0.00177
1	7.19	7.6	12350.92	0	0.30541	0.924	0.33053	3	100	0	0.00864	19.4	0.00157
1	7.19	7.6	13887.48	0	0.30541	0.924	0.33053	3	100	0	0.00768	19.4	0.0014
1	7.19	7.6	15609.03	0	0.30541	0.924	0.33053	3	100	0	0.00683	19.4	0.00124
1	7.19	7.6	17547.03	0	0.30541	0.924	0.33053	3	100	0	0.00608	19.4	0.00111
1	7.19	7.6	19727.8	0	0.30541	0.924	0.33053	3	100	0	0.00541	19.4	0.00098
1	7.19	7.6	22190.44	0	0.30541	0.924	0.33053	3	100	0	0.00481	19.4	0.00087
1	7.19	7.6	24949.46	0	0.30541	0.924	0.33053	3	100	0	0.00428	19.4	0.00078
1	7.19	7.6	28048.55	0	0.30541	0.924	0.33053	3	100	0	0.0038	19.4	0.00069
1	7.19	7.6	31530.35	0	0.30541	0.924	0.33053	3	100	0	0.00338	19.4	0.00062
1	7.19	7.6	35440.36	0	0.30541	0.924	0.33053	3	100	0	0.00301	19.4	0.00055
1	7.19	7.6	39840.72	0	0.30541	0.924	0.33053	3	100	0	0.00268	19.4	0.00049
1	7.19	7.6	44779.02	0	0.30541	0.924	0.33053	3	100	0	0.00238	19.4	0.00043
1	7.19	7.6	50318.69	0	0.30541	0.924	0.33053	3	100	0	0.00212	19.4	0.00039
1	7.19	7.6	56564.23	0	0.30541	0.924	0.33053	3	100	0	0.00189	19.4	0.00034
1	7.19	7.6	59970.88	0	0.30541	0.924	0.33053	3	100	0	0.00178	19.4	0.00032